image_width: 640
image_height: 480
camera_name: note_camera
camera_matrix:
  rows: 3
  cols: 3
  data: [471.30586,   0.     , 275.62202,
           0.     , 469.29866, 220.51317,
           0.     ,   0.     ,   1.     ]
distortion_model: plumb_bob
distortion_coefficients:
  rows: 1
  cols: 5
  data: [-0.031917, 0.026534, -0.004239, -0.005877, 0.000000]
rectification_matrix:
  rows: 3
  cols: 3
  data: [1., 0., 0.,
         0., 1., 0.,
         0., 0., 1.]
projection_matrix:
  rows: 3
  cols: 4
  data: [466.63278,   0.     , 271.02927,   0.     ,
           0.     , 466.50525, 217.83164,   0.     ,
           0.     ,   0.     ,   1.     ,   0.     ]
